


val=[];
val=[val; 40, -0.3368, -0.1476, 2.885e3,338]
val=[val;50, -0.2793, -0.11246, 3.591e3,895]
val=[val;60, -0.2553, -0.1187, 3.724e3,1.383e3]